value         ours       lib        diff
---------------------------------------------------------
sin(  0.00)   0.000000   0.000000   0.000000
cos(  0.00)   1.000000   1.000000   0.000000
sin(  0.90)   0.015707   0.015707   0.000000
cos(  0.90)   0.999877   0.999877   0.000000
sin(  1.80)   0.031411   0.031411   0.000000
cos(  1.80)   0.999507   0.999507   0.000000
sin(  2.70)   0.047106   0.047106   0.000000
cos(  2.70)   0.998890   0.998890   0.000000
sin(  3.60)   0.062791   0.062791   0.000000
cos(  3.60)   0.998027   0.998027   0.000000
sin(  4.50)   0.078459   0.078459   0.000000
cos(  4.50)   0.996917   0.996917   0.000000
sin(  5.40)   0.094108   0.094108   0.000000
cos(  5.40)   0.995562   0.995562   0.000000
sin(  6.30)   0.109734   0.109734   0.000000
cos(  6.30)   0.993961   0.993961   0.000000
sin(  7.20)   0.125333   0.125333   0.000000
cos(  7.20)   0.992115   0.992115  -0.000000
sin(  8.10)   0.140901   0.140901   0.000000
cos(  8.10)   0.990024   0.990024   0.000000
sin(  9.00)   0.156434   0.156434   0.000000
cos(  9.00)   0.987688   0.987688  -0.000000
sin(  9.90)   0.171929   0.171929   0.000000
cos(  9.90)   0.985109   0.985109   0.000000
sin( 10.80)   0.187381   0.187381   0.000000
cos( 10.80)   0.982287   0.982287  -0.000000
sin( 11.70)   0.202787   0.202787   0.000000
cos( 11.70)   0.979223   0.979223   0.000000
sin( 12.60)   0.218143   0.218143   0.000000
cos( 12.60)   0.975917   0.975917  -0.000000
sin( 13.50)   0.233445   0.233445   0.000000
cos( 13.50)   0.972370   0.972370   0.000000
sin( 14.40)   0.248690   0.248690   0.000000
cos( 14.40)   0.968583   0.968583   0.000000
sin( 15.30)   0.263873   0.263873   0.000000
cos( 15.30)   0.964557   0.964557   0.000000
sin( 16.20)   0.278991   0.278991   0.000000
cos( 16.20)   0.960294   0.960294   0.000000
sin( 17.10)   0.294040   0.294040   0.000000
cos( 17.10)   0.955793   0.955793  -0.000000
sin( 18.00)   0.309017   0.309017   0.000000
cos( 18.00)   0.951057   0.951057  -0.000000
sin( 18.90)   0.323917   0.323917   0.000000
cos( 18.90)   0.946085   0.946085  -0.000000
sin( 19.80)   0.338738   0.338738   0.000000
cos( 19.80)   0.940881   0.940881  -0.000000
sin( 20.70)   0.353475   0.353475   0.000000
cos( 20.70)   0.935444   0.935444  -0.000000
sin( 21.60)   0.368125   0.368125   0.000000
cos( 21.60)   0.929776   0.929776  -0.000000
sin( 22.50)   0.382683   0.382683   0.000000
cos( 22.50)   0.923880   0.923880  -0.000000
sin( 23.40)   0.397148   0.397148   0.000000
cos( 23.40)   0.917755   0.917755  -0.000000
sin( 24.30)   0.411514   0.411514   0.000000
cos( 24.30)   0.911403   0.911403  -0.000000
sin( 25.20)   0.425779   0.425779   0.000000
cos( 25.20)   0.904827   0.904827  -0.000000
sin( 26.10)   0.439939   0.439939   0.000000
cos( 26.10)   0.898028   0.898028  -0.000000
sin( 27.00)   0.453990   0.453990   0.000000
cos( 27.00)   0.891007   0.891007  -0.000000
sin( 27.90)   0.467930   0.467930   0.000000
cos( 27.90)   0.883766   0.883766  -0.000000
sin( 28.80)   0.481754   0.481754   0.000000
cos( 28.80)   0.876307   0.876307  -0.000000
sin( 29.70)   0.495459   0.495459   0.000000
cos( 29.70)   0.868632   0.868632  -0.000000
sin( 30.60)   0.509041   0.509041   0.000000
cos( 30.60)   0.860742   0.860742  -0.000000
sin( 31.50)   0.522499   0.522499   0.000000
cos( 31.50)   0.852640   0.852640  -0.000000
sin( 32.40)   0.535827   0.535827   0.000000
cos( 32.40)   0.844328   0.844328  -0.000000
sin( 33.30)   0.549023   0.549023   0.000000
cos( 33.30)   0.835807   0.835807  -0.000000
sin( 34.20)   0.562083   0.562083   0.000000
cos( 34.20)   0.827081   0.827081  -0.000000
sin( 35.10)   0.575005   0.575005   0.000000
cos( 35.10)   0.818150   0.818150  -0.000000
sin( 36.00)   0.587785   0.587785   0.000000
cos( 36.00)   0.809017   0.809017  -0.000000
sin( 36.90)   0.600420   0.600420   0.000000
cos( 36.90)   0.799685   0.799685  -0.000000
sin( 37.80)   0.612907   0.612907   0.000000
cos( 37.80)   0.790155   0.790155  -0.000000
sin( 38.70)   0.625243   0.625243   0.000000
cos( 38.70)   0.780430   0.780430  -0.000000
sin( 39.60)   0.637424   0.637424   0.000000
cos( 39.60)   0.770513   0.770513  -0.000000
sin( 40.50)   0.649448   0.649448   0.000000
cos( 40.50)   0.760406   0.760406  -0.000000
sin( 41.40)   0.661312   0.661312   0.000000
cos( 41.40)   0.750111   0.750111  -0.000000
sin( 42.30)   0.673013   0.673013   0.000000
cos( 42.30)   0.739631   0.739631  -0.000000
sin( 43.20)   0.684547   0.684547   0.000000
cos( 43.20)   0.728969   0.728969  -0.000000
sin( 44.10)   0.695913   0.695913   0.000000
cos( 44.10)   0.718126   0.718126  -0.000000
sin( 45.00)   0.707107   0.707107   0.000000
cos( 45.00)   0.707107   0.707107  -0.000000
sin( 45.90)   0.718126   0.718126   0.000000
cos( 45.90)   0.695913   0.695913  -0.000000
sin( 46.80)   0.728969   0.728969   0.000000
cos( 46.80)   0.684547   0.684547  -0.000000
sin( 47.70)   0.739631   0.739631   0.000000
cos( 47.70)   0.673013   0.673013  -0.000000
sin( 48.60)   0.750111   0.750111   0.000000
cos( 48.60)   0.661312   0.661312  -0.000000
sin( 49.50)   0.760406   0.760406   0.000000
cos( 49.50)   0.649448   0.649448  -0.000000
sin( 50.40)   0.770513   0.770513   0.000000
cos( 50.40)   0.637424   0.637424  -0.000000
sin( 51.30)   0.780430   0.780430   0.000000
cos( 51.30)   0.625243   0.625243  -0.000000
sin( 52.20)   0.790155   0.790155   0.000000
cos( 52.20)   0.612907   0.612907  -0.000000
sin( 53.10)   0.799685   0.799685   0.000000
cos( 53.10)   0.600420   0.600420  -0.000000
sin( 54.00)   0.809017   0.809017   0.000000
cos( 54.00)   0.587785   0.587785  -0.000000
sin( 54.90)   0.818150   0.818150   0.000000
cos( 54.90)   0.575005   0.575005  -0.000000
sin( 55.80)   0.827081   0.827081   0.000000
cos( 55.80)   0.562083   0.562083  -0.000000
sin( 56.70)   0.835807   0.835807   0.000000
cos( 56.70)   0.549023   0.549023  -0.000000
sin( 57.60)   0.844328   0.844328   0.000000
cos( 57.60)   0.535827   0.535827  -0.000000
sin( 58.50)   0.852640   0.852640   0.000000
cos( 58.50)   0.522499   0.522499  -0.000000
sin( 59.40)   0.860742   0.860742   0.000000
cos( 59.40)   0.509041   0.509041  -0.000000
sin( 60.30)   0.868632   0.868632   0.000000
cos( 60.30)   0.495459   0.495459  -0.000000
sin( 61.20)   0.876307   0.876307   0.000000
cos( 61.20)   0.481754   0.481754  -0.000000
sin( 62.10)   0.883766   0.883766   0.000000
cos( 62.10)   0.467930   0.467930  -0.000000
sin( 63.00)   0.891007   0.891007   0.000000
cos( 63.00)   0.453990   0.453990  -0.000000
sin( 63.90)   0.898028   0.898028   0.000000
cos( 63.90)   0.439939   0.439939  -0.000000
sin( 64.80)   0.904827   0.904827   0.000000
cos( 64.80)   0.425779   0.425779  -0.000000
sin( 65.70)   0.911403   0.911403   0.000000
cos( 65.70)   0.411514   0.411514  -0.000000
sin( 66.60)   0.917755   0.917755   0.000000
cos( 66.60)   0.397148   0.397148  -0.000000
sin( 67.50)   0.923880   0.923880   0.000000
cos( 67.50)   0.382683   0.382683  -0.000000
sin( 68.40)   0.929776   0.929776   0.000000
cos( 68.40)   0.368125   0.368125  -0.000000
sin( 69.30)   0.935444   0.935444   0.000000
cos( 69.30)   0.353475   0.353475  -0.000000
sin( 70.20)   0.940881   0.940881   0.000000
cos( 70.20)   0.338738   0.338738  -0.000000
sin( 71.10)   0.946085   0.946085   0.000000
cos( 71.10)   0.323917   0.323917  -0.000000
sin( 72.00)   0.951057   0.951057   0.000000
cos( 72.00)   0.309017   0.309017  -0.000000
sin( 72.90)   0.955793   0.955793   0.000000
cos( 72.90)   0.294040   0.294040  -0.000000
sin( 73.80)   0.960294   0.960294   0.000000
cos( 73.80)   0.278991   0.278991  -0.000000
sin( 74.70)   0.964557   0.964557   0.000000
cos( 74.70)   0.263873   0.263873  -0.000000
sin( 75.60)   0.968583   0.968583   0.000000
cos( 75.60)   0.248690   0.248690  -0.000000
sin( 76.50)   0.972370   0.972370   0.000000
cos( 76.50)   0.233445   0.233445  -0.000000
sin( 77.40)   0.975917   0.975917   0.000000
cos( 77.40)   0.218143   0.218143  -0.000000
sin( 78.30)   0.979223   0.979223   0.000000
cos( 78.30)   0.202787   0.202787  -0.000000
sin( 79.20)   0.982287   0.982287   0.000000
cos( 79.20)   0.187381   0.187381  -0.000000
sin( 80.10)   0.985109   0.985109   0.000000
cos( 80.10)   0.171929   0.171929  -0.000000
sin( 81.00)   0.987688   0.987688   0.000000
cos( 81.00)   0.156434   0.156434  -0.000000
sin( 81.90)   0.990024   0.990024   0.000000
cos( 81.90)   0.140901   0.140901  -0.000000
sin( 82.80)   0.992115   0.992115   0.000000
cos( 82.80)   0.125333   0.125333  -0.000000
sin( 83.70)   0.993961   0.993961   0.000000
cos( 83.70)   0.109734   0.109734  -0.000000
sin( 84.60)   0.995562   0.995562   0.000000
cos( 84.60)   0.094108   0.094108  -0.000000
sin( 85.50)   0.996917   0.996917   0.000000
cos( 85.50)   0.078459   0.078459  -0.000000
sin( 86.40)   0.998027   0.998027   0.000000
cos( 86.40)   0.062791   0.062791  -0.000000
sin( 87.30)   0.998890   0.998890   0.000000
cos( 87.30)   0.047106   0.047106  -0.000000
sin( 88.20)   0.999507   0.999507   0.000000
cos( 88.20)   0.031411   0.031411  -0.000000
sin( 89.10)   0.999877   0.999877   0.000000
cos( 89.10)   0.015707   0.015707  -0.000000
sin( 90.00)   1.000000   1.000000   0.000000
cos( 90.00)   0.000000  -0.000000   0.000000
sin( 90.90)   0.999877   0.999877   0.000000
cos( 90.90)  -0.015707  -0.015707   0.000000
sin( 91.80)   0.999507   0.999507   0.000000
cos( 91.80)  -0.031411  -0.031411  -0.000000
sin( 92.70)   0.998890   0.998890   0.000000
cos( 92.70)  -0.047106  -0.047106  -0.000000
sin( 93.60)   0.998027   0.998027   0.000000
cos( 93.60)  -0.062791  -0.062791  -0.000000
sin( 94.50)   0.996917   0.996917   0.000000
cos( 94.50)  -0.078459  -0.078459  -0.000000
sin( 95.40)   0.995562   0.995562   0.000000
cos( 95.40)  -0.094108  -0.094108  -0.000000
sin( 96.30)   0.993961   0.993961   0.000000
cos( 96.30)  -0.109734  -0.109734  -0.000000
sin( 97.20)   0.992115   0.992115   0.000000
cos( 97.20)  -0.125333  -0.125333  -0.000000
sin( 98.10)   0.990024   0.990024   0.000000
cos( 98.10)  -0.140901  -0.140901  -0.000000
sin( 99.00)   0.987688   0.987688   0.000000
cos( 99.00)  -0.156434  -0.156434  -0.000000
sin( 99.90)   0.985109   0.985109   0.000000
cos( 99.90)  -0.171929  -0.171929  -0.000000
sin(100.80)   0.982287   0.982287   0.000000
cos(100.80)  -0.187381  -0.187381  -0.000000
sin(101.70)   0.979223   0.979223   0.000000
cos(101.70)  -0.202787  -0.202787  -0.000000
sin(102.60)   0.975917   0.975917  -0.000000
cos(102.60)  -0.218143  -0.218143  -0.000000
sin(103.50)   0.972370   0.972370   0.000000
cos(103.50)  -0.233445  -0.233445  -0.000000
sin(104.40)   0.968583   0.968583   0.000000
cos(104.40)  -0.248690  -0.248690  -0.000000
sin(105.30)   0.964557   0.964557   0.000000
cos(105.30)  -0.263873  -0.263873  -0.000000
sin(106.20)   0.960294   0.960294   0.000000
cos(106.20)  -0.278991  -0.278991  -0.000000
sin(107.10)   0.955793   0.955793  -0.000000
cos(107.10)  -0.294040  -0.294040  -0.000000
sin(108.00)   0.951057   0.951057  -0.000000
cos(108.00)  -0.309017  -0.309017  -0.000000
sin(108.90)   0.946085   0.946085  -0.000000
cos(108.90)  -0.323917  -0.323917  -0.000000
sin(109.80)   0.940881   0.940881  -0.000000
cos(109.80)  -0.338738  -0.338738  -0.000000
sin(110.70)   0.935444   0.935444  -0.000000
cos(110.70)  -0.353475  -0.353475  -0.000000
sin(111.60)   0.929776   0.929776  -0.000000
cos(111.60)  -0.368125  -0.368125  -0.000000
sin(112.50)   0.923880   0.923880  -0.000000
cos(112.50)  -0.382683  -0.382683  -0.000000
sin(113.40)   0.917755   0.917755  -0.000000
cos(113.40)  -0.397148  -0.397148  -0.000000
sin(114.30)   0.911403   0.911403  -0.000000
cos(114.30)  -0.411514  -0.411514  -0.000000
sin(115.20)   0.904827   0.904827  -0.000000
cos(115.20)  -0.425779  -0.425779  -0.000000
sin(116.10)   0.898028   0.898028  -0.000000
cos(116.10)  -0.439939  -0.439939  -0.000000
sin(117.00)   0.891007   0.891007  -0.000000
cos(117.00)  -0.453990  -0.453990  -0.000000
sin(117.90)   0.883766   0.883766  -0.000000
cos(117.90)  -0.467930  -0.467930  -0.000000
sin(118.80)   0.876307   0.876307  -0.000000
cos(118.80)  -0.481754  -0.481754  -0.000000
sin(119.70)   0.868632   0.868632  -0.000000
cos(119.70)  -0.495459  -0.495459  -0.000000
sin(120.60)   0.860742   0.860742  -0.000000
cos(120.60)  -0.509041  -0.509041  -0.000000
sin(121.50)   0.852640   0.852640  -0.000000
cos(121.50)  -0.522499  -0.522499  -0.000000
sin(122.40)   0.844328   0.844328  -0.000000
cos(122.40)  -0.535827  -0.535827  -0.000000
sin(123.30)   0.835807   0.835807  -0.000000
cos(123.30)  -0.549023  -0.549023  -0.000000
sin(124.20)   0.827081   0.827081  -0.000000
cos(124.20)  -0.562083  -0.562083  -0.000000
sin(125.10)   0.818150   0.818150  -0.000000
cos(125.10)  -0.575005  -0.575005  -0.000000
sin(126.00)   0.809017   0.809017  -0.000000
cos(126.00)  -0.587785  -0.587785  -0.000000
sin(126.90)   0.799685   0.799685  -0.000000
cos(126.90)  -0.600420  -0.600420  -0.000000
sin(127.80)   0.790155   0.790155  -0.000000
cos(127.80)  -0.612907  -0.612907  -0.000000
sin(128.70)   0.780430   0.780430  -0.000000
cos(128.70)  -0.625243  -0.625243  -0.000000
sin(129.60)   0.770513   0.770513  -0.000000
cos(129.60)  -0.637424  -0.637424  -0.000000
sin(130.50)   0.760406   0.760406  -0.000000
cos(130.50)  -0.649448  -0.649448  -0.000000
sin(131.40)   0.750111   0.750111  -0.000000
cos(131.40)  -0.661312  -0.661312  -0.000000
sin(132.30)   0.739631   0.739631  -0.000000
cos(132.30)  -0.673013  -0.673013  -0.000000
sin(133.20)   0.728969   0.728969  -0.000000
cos(133.20)  -0.684547  -0.684547  -0.000000
sin(134.10)   0.718126   0.718126  -0.000000
cos(134.10)  -0.695913  -0.695913  -0.000000
sin(135.00)   0.707107   0.707107  -0.000000
cos(135.00)  -0.707107  -0.707107  -0.000000
sin(135.90)   0.695913   0.695913  -0.000000
cos(135.90)  -0.718126  -0.718126  -0.000000
sin(136.80)   0.684547   0.684547  -0.000000
cos(136.80)  -0.728969  -0.728969  -0.000000
sin(137.70)   0.673013   0.673013  -0.000000
cos(137.70)  -0.739631  -0.739631  -0.000000
sin(138.60)   0.661312   0.661312  -0.000000
cos(138.60)  -0.750111  -0.750111  -0.000000
sin(139.50)   0.649448   0.649448  -0.000000
cos(139.50)  -0.760406  -0.760406  -0.000000
sin(140.40)   0.637424   0.637424  -0.000000
cos(140.40)  -0.770513  -0.770513  -0.000000
sin(141.30)   0.625243   0.625243  -0.000000
cos(141.30)  -0.780430  -0.780430  -0.000000
sin(142.20)   0.612907   0.612907  -0.000000
cos(142.20)  -0.790155  -0.790155  -0.000000
sin(143.10)   0.600420   0.600420  -0.000000
cos(143.10)  -0.799685  -0.799685  -0.000000
sin(144.00)   0.587785   0.587785  -0.000000
cos(144.00)  -0.809017  -0.809017  -0.000000
sin(144.90)   0.575005   0.575005  -0.000000
cos(144.90)  -0.818150  -0.818150  -0.000000
sin(145.80)   0.562083   0.562083  -0.000000
cos(145.80)  -0.827081  -0.827081  -0.000000
sin(146.70)   0.549023   0.549023  -0.000000
cos(146.70)  -0.835807  -0.835807  -0.000000
sin(147.60)   0.535827   0.535827  -0.000000
cos(147.60)  -0.844328  -0.844328  -0.000000
sin(148.50)   0.522499   0.522499  -0.000000
cos(148.50)  -0.852640  -0.852640  -0.000000
sin(149.40)   0.509041   0.509041  -0.000000
cos(149.40)  -0.860742  -0.860742  -0.000000
sin(150.30)   0.495459   0.495459  -0.000000
cos(150.30)  -0.868632  -0.868632  -0.000000
sin(151.20)   0.481754   0.481754  -0.000000
cos(151.20)  -0.876307  -0.876307  -0.000000
sin(152.10)   0.467930   0.467930  -0.000000
cos(152.10)  -0.883766  -0.883766  -0.000000
sin(153.00)   0.453990   0.453990  -0.000000
cos(153.00)  -0.891007  -0.891007  -0.000000
sin(153.90)   0.439939   0.439939  -0.000000
cos(153.90)  -0.898028  -0.898028  -0.000000
sin(154.80)   0.425779   0.425779  -0.000000
cos(154.80)  -0.904827  -0.904827  -0.000000
sin(155.70)   0.411514   0.411514  -0.000000
cos(155.70)  -0.911403  -0.911403  -0.000000
sin(156.60)   0.397148   0.397148  -0.000000
cos(156.60)  -0.917755  -0.917755  -0.000000
sin(157.50)   0.382683   0.382683  -0.000000
cos(157.50)  -0.923880  -0.923880  -0.000000
sin(158.40)   0.368125   0.368125  -0.000000
cos(158.40)  -0.929776  -0.929776  -0.000000
sin(159.30)   0.353475   0.353475  -0.000000
cos(159.30)  -0.935444  -0.935444  -0.000000
sin(160.20)   0.338738   0.338738  -0.000000
cos(160.20)  -0.940881  -0.940881  -0.000000
sin(161.10)   0.323917   0.323917  -0.000000
cos(161.10)  -0.946085  -0.946085  -0.000000
sin(162.00)   0.309017   0.309017  -0.000000
cos(162.00)  -0.951057  -0.951057  -0.000000
sin(162.90)   0.294040   0.294040  -0.000000
cos(162.90)  -0.955793  -0.955793  -0.000000
sin(163.80)   0.278991   0.278991  -0.000000
cos(163.80)  -0.960294  -0.960294  -0.000000
sin(164.70)   0.263873   0.263873  -0.000000
cos(164.70)  -0.964557  -0.964557  -0.000000
sin(165.60)   0.248690   0.248690  -0.000000
cos(165.60)  -0.968583  -0.968583  -0.000000
sin(166.50)   0.233445   0.233445  -0.000000
cos(166.50)  -0.972370  -0.972370  -0.000000
sin(167.40)   0.218143   0.218143  -0.000000
cos(167.40)  -0.975917  -0.975917  -0.000000
sin(168.30)   0.202787   0.202787  -0.000000
cos(168.30)  -0.979223  -0.979223  -0.000000
sin(169.20)   0.187381   0.187381  -0.000000
cos(169.20)  -0.982287  -0.982287  -0.000000
sin(170.10)   0.171929   0.171929  -0.000000
cos(170.10)  -0.985109  -0.985109  -0.000000
sin(171.00)   0.156434   0.156434  -0.000000
cos(171.00)  -0.987688  -0.987688  -0.000000
sin(171.90)   0.140901   0.140901  -0.000000
cos(171.90)  -0.990024  -0.990024  -0.000000
sin(172.80)   0.125333   0.125333  -0.000000
cos(172.80)  -0.992115  -0.992115  -0.000000
sin(173.70)   0.109734   0.109734  -0.000000
cos(173.70)  -0.993961  -0.993961  -0.000000
sin(174.60)   0.094108   0.094108  -0.000000
cos(174.60)  -0.995562  -0.995562  -0.000000
sin(175.50)   0.078459   0.078459  -0.000000
cos(175.50)  -0.996917  -0.996917  -0.000000
sin(176.40)   0.062791   0.062791  -0.000000
cos(176.40)  -0.998027  -0.998027  -0.000000
sin(177.30)   0.047106   0.047106  -0.000000
cos(177.30)  -0.998890  -0.998890  -0.000000
sin(178.20)   0.031411   0.031411  -0.000000
cos(178.20)  -0.999507  -0.999507  -0.000000
sin(179.10)   0.015707   0.015707  -0.000000
cos(179.10)  -0.999877  -0.999877  -0.000000
sin(180.00)   0.000000  -0.000000   0.000000
cos(180.00)  -1.000000  -1.000000   0.000000
sin(180.90)  -0.015707  -0.015707   0.000000
cos(180.90)  -0.999877  -0.999877   0.000000
sin(181.80)  -0.031411  -0.031411   0.000000
cos(181.80)  -0.999507  -0.999507   0.000000
sin(182.70)  -0.047106  -0.047106  -0.000000
cos(182.70)  -0.998890  -0.998890   0.000000
sin(183.60)  -0.062791  -0.062791  -0.000000
cos(183.60)  -0.998027  -0.998027   0.000000
sin(184.50)  -0.078459  -0.078459   0.000000
cos(184.50)  -0.996917  -0.996917   0.000000
sin(185.40)  -0.094108  -0.094108  -0.000000
cos(185.40)  -0.995562  -0.995562   0.000000
sin(186.30)  -0.109734  -0.109734  -0.000000
cos(186.30)  -0.993961  -0.993961   0.000000
sin(187.20)  -0.125333  -0.125333  -0.000000
cos(187.20)  -0.992115  -0.992115   0.000000
sin(188.10)  -0.140901  -0.140901  -0.000000
cos(188.10)  -0.990024  -0.990024   0.000000
sin(189.00)  -0.156434  -0.156434  -0.000000
cos(189.00)  -0.987688  -0.987688   0.000000
sin(189.90)  -0.171929  -0.171929  -0.000000
cos(189.90)  -0.985109  -0.985109   0.000000
sin(190.80)  -0.187381  -0.187381  -0.000000
cos(190.80)  -0.982287  -0.982287   0.000000
sin(191.70)  -0.202787  -0.202787  -0.000000
cos(191.70)  -0.979223  -0.979223   0.000000
sin(192.60)  -0.218143  -0.218143  -0.000000
cos(192.60)  -0.975917  -0.975917   0.000000
sin(193.50)  -0.233445  -0.233445  -0.000000
cos(193.50)  -0.972370  -0.972370   0.000000
sin(194.40)  -0.248690  -0.248690  -0.000000
cos(194.40)  -0.968583  -0.968583   0.000000
sin(195.30)  -0.263873  -0.263873  -0.000000
cos(195.30)  -0.964557  -0.964557   0.000000
sin(196.20)  -0.278991  -0.278991  -0.000000
cos(196.20)  -0.960294  -0.960294   0.000000
sin(197.10)  -0.294040  -0.294040  -0.000000
cos(197.10)  -0.955793  -0.955793   0.000000
sin(198.00)  -0.309017  -0.309017  -0.000000
cos(198.00)  -0.951057  -0.951057   0.000000
sin(198.90)  -0.323917  -0.323917  -0.000000
cos(198.90)  -0.946085  -0.946085   0.000000
sin(199.80)  -0.338738  -0.338738  -0.000000
cos(199.80)  -0.940881  -0.940881   0.000000
sin(200.70)  -0.353475  -0.353475  -0.000000
cos(200.70)  -0.935444  -0.935444   0.000000
sin(201.60)  -0.368125  -0.368125  -0.000000
cos(201.60)  -0.929776  -0.929776   0.000000
sin(202.50)  -0.382683  -0.382683  -0.000000
cos(202.50)  -0.923880  -0.923880   0.000000
sin(203.40)  -0.397148  -0.397148  -0.000000
cos(203.40)  -0.917755  -0.917755   0.000000
sin(204.30)  -0.411514  -0.411514  -0.000000
cos(204.30)  -0.911403  -0.911403   0.000000
sin(205.20)  -0.425779  -0.425779  -0.000000
cos(205.20)  -0.904827  -0.904827   0.000000
sin(206.10)  -0.439939  -0.439939  -0.000000
cos(206.10)  -0.898028  -0.898028   0.000000
sin(207.00)  -0.453990  -0.453990  -0.000000
cos(207.00)  -0.891007  -0.891007   0.000000
sin(207.90)  -0.467930  -0.467930  -0.000000
cos(207.90)  -0.883766  -0.883766   0.000000
sin(208.80)  -0.481754  -0.481754  -0.000000
cos(208.80)  -0.876307  -0.876307   0.000000
sin(209.70)  -0.495459  -0.495459  -0.000000
cos(209.70)  -0.868632  -0.868632   0.000000
sin(210.60)  -0.509041  -0.509041  -0.000000
cos(210.60)  -0.860742  -0.860742   0.000000
sin(211.50)  -0.522499  -0.522499  -0.000000
cos(211.50)  -0.852640  -0.852640   0.000000
sin(212.40)  -0.535827  -0.535827  -0.000000
cos(212.40)  -0.844328  -0.844328   0.000000
sin(213.30)  -0.549023  -0.549023  -0.000000
cos(213.30)  -0.835807  -0.835807   0.000000
sin(214.20)  -0.562083  -0.562083  -0.000000
cos(214.20)  -0.827081  -0.827081   0.000000
sin(215.10)  -0.575005  -0.575005  -0.000000
cos(215.10)  -0.818150  -0.818150   0.000000
sin(216.00)  -0.587785  -0.587785  -0.000000
cos(216.00)  -0.809017  -0.809017   0.000000
sin(216.90)  -0.600420  -0.600420  -0.000000
cos(216.90)  -0.799685  -0.799685   0.000000
sin(217.80)  -0.612907  -0.612907  -0.000000
cos(217.80)  -0.790155  -0.790155   0.000000
sin(218.70)  -0.625243  -0.625243  -0.000000
cos(218.70)  -0.780430  -0.780430   0.000000
sin(219.60)  -0.637424  -0.637424  -0.000000
cos(219.60)  -0.770513  -0.770513   0.000000
sin(220.50)  -0.649448  -0.649448  -0.000000
cos(220.50)  -0.760406  -0.760406   0.000000
sin(221.40)  -0.661312  -0.661312  -0.000000
cos(221.40)  -0.750111  -0.750111   0.000000
sin(222.30)  -0.673013  -0.673013  -0.000000
cos(222.30)  -0.739631  -0.739631   0.000000
sin(223.20)  -0.684547  -0.684547  -0.000000
cos(223.20)  -0.728969  -0.728969   0.000000
sin(224.10)  -0.695913  -0.695913  -0.000000
cos(224.10)  -0.718126  -0.718126   0.000000
sin(225.00)  -0.707107  -0.707107  -0.000000
cos(225.00)  -0.707107  -0.707107   0.000000
sin(225.90)  -0.718126  -0.718126  -0.000000
cos(225.90)  -0.695913  -0.695913   0.000000
sin(226.80)  -0.728969  -0.728969  -0.000000
cos(226.80)  -0.684547  -0.684547   0.000000
sin(227.70)  -0.739631  -0.739631  -0.000000
cos(227.70)  -0.673013  -0.673013   0.000000
sin(228.60)  -0.750111  -0.750111  -0.000000
cos(228.60)  -0.661312  -0.661312   0.000000
sin(229.50)  -0.760406  -0.760406  -0.000000
cos(229.50)  -0.649448  -0.649448   0.000000
sin(230.40)  -0.770513  -0.770513  -0.000000
cos(230.40)  -0.637424  -0.637424   0.000000
sin(231.30)  -0.780430  -0.780430  -0.000000
cos(231.30)  -0.625243  -0.625243   0.000000
sin(232.20)  -0.790155  -0.790155  -0.000000
cos(232.20)  -0.612907  -0.612907   0.000000
sin(233.10)  -0.799685  -0.799685  -0.000000
cos(233.10)  -0.600420  -0.600420   0.000000
sin(234.00)  -0.809017  -0.809017  -0.000000
cos(234.00)  -0.587785  -0.587785   0.000000
sin(234.90)  -0.818150  -0.818150  -0.000000
cos(234.90)  -0.575005  -0.575005   0.000000
sin(235.80)  -0.827081  -0.827081  -0.000000
cos(235.80)  -0.562083  -0.562083   0.000000
sin(236.70)  -0.835807  -0.835807  -0.000000
cos(236.70)  -0.549023  -0.549023   0.000000
sin(237.60)  -0.844328  -0.844328  -0.000000
cos(237.60)  -0.535827  -0.535827   0.000000
sin(238.50)  -0.852640  -0.852640  -0.000000
cos(238.50)  -0.522499  -0.522499   0.000000
sin(239.40)  -0.860742  -0.860742  -0.000000
cos(239.40)  -0.509041  -0.509041   0.000000
sin(240.30)  -0.868632  -0.868632  -0.000000
cos(240.30)  -0.495459  -0.495459   0.000000
sin(241.20)  -0.876307  -0.876307  -0.000000
cos(241.20)  -0.481754  -0.481754   0.000000
sin(242.10)  -0.883766  -0.883766  -0.000000
cos(242.10)  -0.467930  -0.467930   0.000000
sin(243.00)  -0.891007  -0.891007  -0.000000
cos(243.00)  -0.453990  -0.453990   0.000000
sin(243.90)  -0.898028  -0.898028  -0.000000
cos(243.90)  -0.439939  -0.439939   0.000000
sin(244.80)  -0.904827  -0.904827  -0.000000
cos(244.80)  -0.425779  -0.425779   0.000000
sin(245.70)  -0.911403  -0.911403  -0.000000
cos(245.70)  -0.411514  -0.411514   0.000000
sin(246.60)  -0.917755  -0.917755  -0.000000
cos(246.60)  -0.397148  -0.397148   0.000000
sin(247.50)  -0.923880  -0.923880  -0.000000
cos(247.50)  -0.382683  -0.382683   0.000000
sin(248.40)  -0.929776  -0.929776  -0.000000
cos(248.40)  -0.368125  -0.368125   0.000000
sin(249.30)  -0.935444  -0.935444  -0.000000
cos(249.30)  -0.353475  -0.353475   0.000000
sin(250.20)  -0.940881  -0.940881  -0.000000
cos(250.20)  -0.338738  -0.338738   0.000000
sin(251.10)  -0.946085  -0.946085  -0.000000
cos(251.10)  -0.323917  -0.323917   0.000000
sin(252.00)  -0.951057  -0.951057  -0.000000
cos(252.00)  -0.309017  -0.309017   0.000000
sin(252.90)  -0.955793  -0.955793  -0.000000
cos(252.90)  -0.294040  -0.294040   0.000000
sin(253.80)  -0.960294  -0.960294  -0.000000
cos(253.80)  -0.278991  -0.278991   0.000000
sin(254.70)  -0.964557  -0.964557  -0.000000
cos(254.70)  -0.263873  -0.263873   0.000000
sin(255.60)  -0.968583  -0.968583  -0.000000
cos(255.60)  -0.248690  -0.248690   0.000000
sin(256.50)  -0.972370  -0.972370  -0.000000
cos(256.50)  -0.233445  -0.233445   0.000000
sin(257.40)  -0.975917  -0.975917  -0.000000
cos(257.40)  -0.218143  -0.218143   0.000000
sin(258.30)  -0.979223  -0.979223  -0.000000
cos(258.30)  -0.202787  -0.202787   0.000000
sin(259.20)  -0.982287  -0.982287  -0.000000
cos(259.20)  -0.187381  -0.187381   0.000000
sin(260.10)  -0.985109  -0.985109  -0.000000
cos(260.10)  -0.171929  -0.171929   0.000000
sin(261.00)  -0.987688  -0.987688  -0.000000
cos(261.00)  -0.156434  -0.156434   0.000000
sin(261.90)  -0.990024  -0.990024  -0.000000
cos(261.90)  -0.140901  -0.140901   0.000000
sin(262.80)  -0.992115  -0.992115  -0.000000
cos(262.80)  -0.125333  -0.125333   0.000000
sin(263.70)  -0.993961  -0.993961  -0.000000
cos(263.70)  -0.109734  -0.109734   0.000000
sin(264.60)  -0.995562  -0.995562  -0.000000
cos(264.60)  -0.094108  -0.094108   0.000000
sin(265.50)  -0.996917  -0.996917  -0.000000
cos(265.50)  -0.078459  -0.078459   0.000000
sin(266.40)  -0.998027  -0.998027  -0.000000
cos(266.40)  -0.062791  -0.062791   0.000000
sin(267.30)  -0.998890  -0.998890  -0.000000
cos(267.30)  -0.047106  -0.047106   0.000000
sin(268.20)  -0.999507  -0.999507  -0.000000
cos(268.20)  -0.031411  -0.031411   0.000000
sin(269.10)  -0.999877  -0.999877  -0.000000
cos(269.10)  -0.015707  -0.015707   0.000000
sin(270.00)  -1.000000  -1.000000   0.000000
cos(270.00)   0.000000  -0.000000   0.000000
sin(270.90)  -0.999877  -0.999877   0.000000
cos(270.90)   0.015707   0.015707  -0.000000
sin(271.80)  -0.999507  -0.999507  -0.000000
cos(271.80)   0.031411   0.031411  -0.000000
sin(272.70)  -0.998890  -0.998890  -0.000000
cos(272.70)   0.047106   0.047106  -0.000000
sin(273.60)  -0.998027  -0.998027   0.000000
cos(273.60)   0.062791   0.062791  -0.000000
sin(274.50)  -0.996917  -0.996917   0.000000
cos(274.50)   0.078459   0.078459   0.000000
sin(275.40)  -0.995562  -0.995562   0.000000
cos(275.40)   0.094108   0.094108   0.000000
sin(276.30)  -0.993961  -0.993961   0.000000
cos(276.30)   0.109734   0.109734   0.000000
sin(277.20)  -0.992115  -0.992115   0.000000
cos(277.20)   0.125333   0.125333   0.000000
sin(278.10)  -0.990024  -0.990024   0.000000
cos(278.10)   0.140901   0.140901   0.000000
sin(279.00)  -0.987688  -0.987688   0.000000
cos(279.00)   0.156434   0.156434   0.000000
sin(279.90)  -0.985109  -0.985109   0.000000
cos(279.90)   0.171929   0.171929  -0.000000
sin(280.80)  -0.982287  -0.982287   0.000000
cos(280.80)   0.187381   0.187381   0.000000
sin(281.70)  -0.979223  -0.979223   0.000000
cos(281.70)   0.202787   0.202787   0.000000
sin(282.60)  -0.975917  -0.975917   0.000000
cos(282.60)   0.218143   0.218143   0.000000
sin(283.50)  -0.972370  -0.972370   0.000000
cos(283.50)   0.233445   0.233445   0.000000
sin(284.40)  -0.968583  -0.968583   0.000000
cos(284.40)   0.248690   0.248690   0.000000
sin(285.30)  -0.964557  -0.964557   0.000000
cos(285.30)   0.263873   0.263873   0.000000
sin(286.20)  -0.960294  -0.960294   0.000000
cos(286.20)   0.278991   0.278991   0.000000
sin(287.10)  -0.955793  -0.955793   0.000000
cos(287.10)   0.294040   0.294040   0.000000
sin(288.00)  -0.951057  -0.951057   0.000000
cos(288.00)   0.309017   0.309017   0.000000
sin(288.90)  -0.946085  -0.946085   0.000000
cos(288.90)   0.323917   0.323917   0.000000
sin(289.80)  -0.940881  -0.940881   0.000000
cos(289.80)   0.338738   0.338738   0.000000
sin(290.70)  -0.935444  -0.935444   0.000000
cos(290.70)   0.353475   0.353475   0.000000
sin(291.60)  -0.929776  -0.929776   0.000000
cos(291.60)   0.368125   0.368125   0.000000
sin(292.50)  -0.923880  -0.923880   0.000000
cos(292.50)   0.382683   0.382683   0.000000
sin(293.40)  -0.917755  -0.917755   0.000000
cos(293.40)   0.397148   0.397148   0.000000
sin(294.30)  -0.911403  -0.911403   0.000000
cos(294.30)   0.411514   0.411514   0.000000
sin(295.20)  -0.904827  -0.904827   0.000000
cos(295.20)   0.425779   0.425779   0.000000
sin(296.10)  -0.898028  -0.898028   0.000000
cos(296.10)   0.439939   0.439939   0.000000
sin(297.00)  -0.891007  -0.891007   0.000000
cos(297.00)   0.453990   0.453990   0.000000
sin(297.90)  -0.883766  -0.883766   0.000000
cos(297.90)   0.467930   0.467930   0.000000
sin(298.80)  -0.876307  -0.876307   0.000000
cos(298.80)   0.481754   0.481754   0.000000
sin(299.70)  -0.868632  -0.868632   0.000000
cos(299.70)   0.495459   0.495459   0.000000
sin(300.60)  -0.860742  -0.860742   0.000000
cos(300.60)   0.509041   0.509041   0.000000
sin(301.50)  -0.852640  -0.852640   0.000000
cos(301.50)   0.522499   0.522499   0.000000
sin(302.40)  -0.844328  -0.844328   0.000000
cos(302.40)   0.535827   0.535827   0.000000
sin(303.30)  -0.835807  -0.835807   0.000000
cos(303.30)   0.549023   0.549023   0.000000
sin(304.20)  -0.827081  -0.827081   0.000000
cos(304.20)   0.562083   0.562083   0.000000
sin(305.10)  -0.818150  -0.818150   0.000000
cos(305.10)   0.575005   0.575005   0.000000
sin(306.00)  -0.809017  -0.809017   0.000000
cos(306.00)   0.587785   0.587785   0.000000
sin(306.90)  -0.799685  -0.799685   0.000000
cos(306.90)   0.600420   0.600420   0.000000
sin(307.80)  -0.790155  -0.790155   0.000000
cos(307.80)   0.612907   0.612907   0.000000
sin(308.70)  -0.780430  -0.780430   0.000000
cos(308.70)   0.625243   0.625243   0.000000
sin(309.60)  -0.770513  -0.770513   0.000000
cos(309.60)   0.637424   0.637424   0.000000
sin(310.50)  -0.760406  -0.760406   0.000000
cos(310.50)   0.649448   0.649448   0.000000
sin(311.40)  -0.750111  -0.750111   0.000000
cos(311.40)   0.661312   0.661312   0.000000
sin(312.30)  -0.739631  -0.739631   0.000000
cos(312.30)   0.673013   0.673013   0.000000
sin(313.20)  -0.728969  -0.728969   0.000000
cos(313.20)   0.684547   0.684547   0.000000
sin(314.10)  -0.718126  -0.718126   0.000000
cos(314.10)   0.695913   0.695913   0.000000
sin(315.00)  -0.707107  -0.707107   0.000000
cos(315.00)   0.707107   0.707107   0.000000
sin(315.90)  -0.695913  -0.695913   0.000000
cos(315.90)   0.718126   0.718126   0.000000
sin(316.80)  -0.684547  -0.684547   0.000000
cos(316.80)   0.728969   0.728969   0.000000
sin(317.70)  -0.673013  -0.673013   0.000000
cos(317.70)   0.739631   0.739631   0.000000
sin(318.60)  -0.661312  -0.661312   0.000000
cos(318.60)   0.750111   0.750111   0.000000
sin(319.50)  -0.649448  -0.649448   0.000000
cos(319.50)   0.760406   0.760406   0.000000
sin(320.40)  -0.637424  -0.637424   0.000000
cos(320.40)   0.770513   0.770513   0.000000
sin(321.30)  -0.625243  -0.625243   0.000000
cos(321.30)   0.780430   0.780430   0.000000
sin(322.20)  -0.612907  -0.612907   0.000000
cos(322.20)   0.790155   0.790155   0.000000
sin(323.10)  -0.600420  -0.600420   0.000000
cos(323.10)   0.799685   0.799685   0.000000
sin(324.00)  -0.587785  -0.587785   0.000000
cos(324.00)   0.809017   0.809017   0.000000
sin(324.90)  -0.575005  -0.575005   0.000000
cos(324.90)   0.818150   0.818150   0.000000
sin(325.80)  -0.562083  -0.562083   0.000000
cos(325.80)   0.827081   0.827081   0.000000
sin(326.70)  -0.549023  -0.549023   0.000000
cos(326.70)   0.835807   0.835807   0.000000
sin(327.60)  -0.535827  -0.535827   0.000000
cos(327.60)   0.844328   0.844328   0.000000
sin(328.50)  -0.522499  -0.522499   0.000000
cos(328.50)   0.852640   0.852640   0.000000
sin(329.40)  -0.509041  -0.509041   0.000000
cos(329.40)   0.860742   0.860742   0.000000
sin(330.30)  -0.495459  -0.495459   0.000000
cos(330.30)   0.868632   0.868632   0.000000
sin(331.20)  -0.481754  -0.481754   0.000000
cos(331.20)   0.876307   0.876307   0.000000
sin(332.10)  -0.467930  -0.467930   0.000000
cos(332.10)   0.883766   0.883766   0.000000
sin(333.00)  -0.453990  -0.453990   0.000000
cos(333.00)   0.891007   0.891007   0.000000
sin(333.90)  -0.439939  -0.439939   0.000000
cos(333.90)   0.898028   0.898028   0.000000
sin(334.80)  -0.425779  -0.425779   0.000000
cos(334.80)   0.904827   0.904827   0.000000
sin(335.70)  -0.411514  -0.411514   0.000000
cos(335.70)   0.911403   0.911403   0.000000
sin(336.60)  -0.397148  -0.397148   0.000000
cos(336.60)   0.917755   0.917755   0.000000
sin(337.50)  -0.382683  -0.382683   0.000000
cos(337.50)   0.923880   0.923880   0.000000
sin(338.40)  -0.368125  -0.368125   0.000000
cos(338.40)   0.929776   0.929776   0.000000
sin(339.30)  -0.353475  -0.353475   0.000000
cos(339.30)   0.935444   0.935444   0.000000
sin(340.20)  -0.338738  -0.338738   0.000000
cos(340.20)   0.940881   0.940881   0.000000
sin(341.10)  -0.323917  -0.323917   0.000000
cos(341.10)   0.946085   0.946085   0.000000
sin(342.00)  -0.309017  -0.309017   0.000000
cos(342.00)   0.951057   0.951057   0.000000
sin(342.90)  -0.294040  -0.294040   0.000000
cos(342.90)   0.955793   0.955793   0.000000
sin(343.80)  -0.278991  -0.278991   0.000000
cos(343.80)   0.960294   0.960294   0.000000
sin(344.70)  -0.263873  -0.263873   0.000000
cos(344.70)   0.964557   0.964557   0.000000
sin(345.60)  -0.248690  -0.248690   0.000000
cos(345.60)   0.968583   0.968583   0.000000
sin(346.50)  -0.233445  -0.233445   0.000000
cos(346.50)   0.972370   0.972370   0.000000
sin(347.40)  -0.218143  -0.218143   0.000000
cos(347.40)   0.975917   0.975917   0.000000
sin(348.30)  -0.202787  -0.202787   0.000000
cos(348.30)   0.979223   0.979223   0.000000
sin(349.20)  -0.187381  -0.187381   0.000000
cos(349.20)   0.982287   0.982287   0.000000
sin(350.10)  -0.171929  -0.171929   0.000000
cos(350.10)   0.985109   0.985109   0.000000
sin(351.00)  -0.156434  -0.156434   0.000000
cos(351.00)   0.987688   0.987688   0.000000
sin(351.90)  -0.140901  -0.140901   0.000000
cos(351.90)   0.990024   0.990024   0.000000
sin(352.80)  -0.125333  -0.125333   0.000000
cos(352.80)   0.992115   0.992115   0.000000
sin(353.70)  -0.109734  -0.109734   0.000000
cos(353.70)   0.993961   0.993961   0.000000
sin(354.60)  -0.094108  -0.094108   0.000000
cos(354.60)   0.995562   0.995562   0.000000
sin(355.50)  -0.078459  -0.078459   0.000000
cos(355.50)   0.996917   0.996917   0.000000
sin(356.40)  -0.062791  -0.062791   0.000000
cos(356.40)   0.998027   0.998027   0.000000
sin(357.30)  -0.047106  -0.047106   0.000000
cos(357.30)   0.998890   0.998890   0.000000
sin(358.20)  -0.031411  -0.031411   0.000000
cos(358.20)   0.999507   0.999507   0.000000
sin(359.10)  -0.015707  -0.015707   0.000000
cos(359.10)   0.999877   0.999877   0.000000
