32436272
32436272
32436272
32436272
32436272
32436272
32436272
32436272
32436272
32436272
32436272
32436272
32436272
32436272
32436272
32436272
32436272
32436272
32436272
32436272
32436272
32436272
32436272
32436272
32436272
32436272
32436272
32436272
32436272
32436272
32436272
32436272
32436272
32436272
32436272
32436272
32436272
32436272
32436272
32436272
32436272
32436272
32436272
32436272
32436272
32436272
32436272
32436272
32436272
32436272
32436272
32436272
32436272
32436272
32436272
32436272
32436272
32436272
32436272
32436272
32436272
32436272
32436272
32436272
32436272
32436272
32436272
32436272
32436272
32436272
32436272
32436272
32436272
32436272
32436272
32436272
32436272
32436272
32436272
32436272
