value         ours       lib        diff
---------------------------------------------------------
sin(  0.00)   0.000000   0.000000   0.000000
cos(  0.00)   1.000000   1.000000   0.000000
sin(  1.80)   0.031411   0.031411   0.000000
cos(  1.80)   0.999507   0.999507  -0.000000
sin(  3.60)   0.062791   0.062791   0.000000
cos(  3.60)   0.998027   0.998027  -0.000000
sin(  5.40)   0.094108   0.094108   0.000000
cos(  5.40)   0.995562   0.995562  -0.000000
sin(  7.20)   0.125333   0.125333   0.000000
cos(  7.20)   0.992115   0.992115  -0.000000
sin(  9.00)   0.156434   0.156434   0.000000
cos(  9.00)   0.987688   0.987688  -0.000000
sin( 10.80)   0.187381   0.187381   0.000000
cos( 10.80)   0.982287   0.982287  -0.000000
sin( 12.60)   0.218143   0.218143   0.000000
cos( 12.60)   0.975917   0.975917  -0.000000
sin( 14.40)   0.248690   0.248690   0.000000
cos( 14.40)   0.968583   0.968583  -0.000000
sin( 16.20)   0.278991   0.278991   0.000000
cos( 16.20)   0.960294   0.960294  -0.000000
sin( 18.00)   0.309017   0.309017   0.000000
cos( 18.00)   0.951057   0.951057  -0.000000
sin( 19.80)   0.338738   0.338738   0.000000
cos( 19.80)   0.940881   0.940881  -0.000000
sin( 21.60)   0.368125   0.368125   0.000000
cos( 21.60)   0.929776   0.929776  -0.000000
sin( 23.40)   0.397148   0.397148   0.000000
cos( 23.40)   0.917755   0.917755  -0.000000
sin( 25.20)   0.425779   0.425779   0.000000
cos( 25.20)   0.904827   0.904827  -0.000000
sin( 27.00)   0.453990   0.453990   0.000000
cos( 27.00)   0.891007   0.891007  -0.000000
sin( 28.80)   0.481754   0.481754   0.000000
cos( 28.80)   0.876307   0.876307  -0.000000
sin( 30.60)   0.509041   0.509041   0.000000
cos( 30.60)   0.860742   0.860742  -0.000000
sin( 32.40)   0.535827   0.535827   0.000000
cos( 32.40)   0.844328   0.844328  -0.000000
sin( 34.20)   0.562083   0.562083   0.000000
cos( 34.20)   0.827081   0.827081  -0.000000
sin( 36.00)   0.587785   0.587785   0.000000
cos( 36.00)   0.809017   0.809017  -0.000000
sin( 37.80)   0.612907   0.612907   0.000000
cos( 37.80)   0.790155   0.790155  -0.000000
sin( 39.60)   0.637424   0.637424   0.000000
cos( 39.60)   0.770513   0.770513  -0.000000
sin( 41.40)   0.661312   0.661312   0.000000
cos( 41.40)   0.750111   0.750111  -0.000000
sin( 43.20)   0.684547   0.684547   0.000000
cos( 43.20)   0.728969   0.728969  -0.000000
sin( 45.00)   0.707107   0.707107   0.000000
cos( 45.00)   0.707107   0.707107  -0.000000
sin( 46.80)   0.728969   0.728969   0.000000
cos( 46.80)   0.684547   0.684547  -0.000000
sin( 48.60)   0.750111   0.750111   0.000000
cos( 48.60)   0.661312   0.661312  -0.000000
sin( 50.40)   0.770513   0.770513   0.000000
cos( 50.40)   0.637424   0.637424  -0.000000
sin( 52.20)   0.790155   0.790155   0.000000
cos( 52.20)   0.612907   0.612907  -0.000000
sin( 54.00)   0.809017   0.809017   0.000000
cos( 54.00)   0.587785   0.587785  -0.000000
sin( 55.80)   0.827081   0.827081   0.000000
cos( 55.80)   0.562083   0.562083  -0.000000
sin( 57.60)   0.844328   0.844328   0.000000
cos( 57.60)   0.535827   0.535827  -0.000000
sin( 59.40)   0.860742   0.860742   0.000000
cos( 59.40)   0.509041   0.509041  -0.000000
sin( 61.20)   0.876307   0.876307   0.000000
cos( 61.20)   0.481754   0.481754  -0.000000
sin( 63.00)   0.891007   0.891007   0.000000
cos( 63.00)   0.453990   0.453990  -0.000000
sin( 64.80)   0.904827   0.904827   0.000000
cos( 64.80)   0.425779   0.425779  -0.000000
sin( 66.60)   0.917755   0.917755   0.000000
cos( 66.60)   0.397148   0.397148  -0.000000
sin( 68.40)   0.929776   0.929776   0.000000
cos( 68.40)   0.368125   0.368125  -0.000000
sin( 70.20)   0.940881   0.940881   0.000000
cos( 70.20)   0.338738   0.338738  -0.000000
sin( 72.00)   0.951057   0.951057   0.000000
cos( 72.00)   0.309017   0.309017  -0.000000
sin( 73.80)   0.960294   0.960294   0.000000
cos( 73.80)   0.278991   0.278991  -0.000000
sin( 75.60)   0.968583   0.968583   0.000000
cos( 75.60)   0.248690   0.248690  -0.000000
sin( 77.40)   0.975917   0.975917   0.000000
cos( 77.40)   0.218143   0.218143  -0.000000
sin( 79.20)   0.982287   0.982287   0.000000
cos( 79.20)   0.187381   0.187381  -0.000000
sin( 81.00)   0.987688   0.987688   0.000000
cos( 81.00)   0.156434   0.156434  -0.000000
sin( 82.80)   0.992115   0.992115   0.000000
cos( 82.80)   0.125333   0.125333  -0.000000
sin( 84.60)   0.995562   0.995562   0.000000
cos( 84.60)   0.094108   0.094108  -0.000000
sin( 86.40)   0.998027   0.998027   0.000000
cos( 86.40)   0.062791   0.062791  -0.000000
sin( 88.20)   0.999507   0.999507   0.000000
cos( 88.20)   0.031411   0.031411  -0.000000
sin( 90.00)   1.000000   1.000000   0.000000
cos( 90.00)   0.000000  -0.000000   0.000000
sin( 91.80)   0.999507   0.999507  -0.000000
cos( 91.80)  -0.031411  -0.031411  -0.000000
sin( 93.60)   0.998027   0.998027  -0.000000
cos( 93.60)  -0.062791  -0.062791  -0.000000
sin( 95.40)   0.995562   0.995562  -0.000000
cos( 95.40)  -0.094108  -0.094108  -0.000000
sin( 97.20)   0.992115   0.992115  -0.000000
cos( 97.20)  -0.125333  -0.125333  -0.000000
sin( 99.00)   0.987688   0.987688  -0.000000
cos( 99.00)  -0.156434  -0.156434  -0.000000
sin(100.80)   0.982287   0.982287  -0.000000
cos(100.80)  -0.187381  -0.187381  -0.000000
sin(102.60)   0.975917   0.975917  -0.000000
cos(102.60)  -0.218143  -0.218143  -0.000000
sin(104.40)   0.968583   0.968583  -0.000000
cos(104.40)  -0.248690  -0.248690  -0.000000
sin(106.20)   0.960294   0.960294  -0.000000
cos(106.20)  -0.278991  -0.278991  -0.000000
sin(108.00)   0.951057   0.951057  -0.000000
cos(108.00)  -0.309017  -0.309017  -0.000000
sin(109.80)   0.940881   0.940881  -0.000000
cos(109.80)  -0.338738  -0.338738  -0.000000
sin(111.60)   0.929776   0.929776  -0.000000
cos(111.60)  -0.368125  -0.368125  -0.000000
sin(113.40)   0.917755   0.917755  -0.000000
cos(113.40)  -0.397148  -0.397148  -0.000000
sin(115.20)   0.904827   0.904827  -0.000000
cos(115.20)  -0.425779  -0.425779  -0.000000
sin(117.00)   0.891007   0.891007  -0.000000
cos(117.00)  -0.453990  -0.453990  -0.000000
sin(118.80)   0.876307   0.876307  -0.000000
cos(118.80)  -0.481754  -0.481754  -0.000000
sin(120.60)   0.860742   0.860742  -0.000000
cos(120.60)  -0.509041  -0.509041  -0.000000
sin(122.40)   0.844328   0.844328  -0.000000
cos(122.40)  -0.535827  -0.535827  -0.000000
sin(124.20)   0.827081   0.827081  -0.000000
cos(124.20)  -0.562083  -0.562083  -0.000000
sin(126.00)   0.809017   0.809017  -0.000000
cos(126.00)  -0.587785  -0.587785  -0.000000
sin(127.80)   0.790155   0.790155  -0.000000
cos(127.80)  -0.612907  -0.612907  -0.000000
sin(129.60)   0.770513   0.770513  -0.000000
cos(129.60)  -0.637424  -0.637424  -0.000000
sin(131.40)   0.750111   0.750111  -0.000000
cos(131.40)  -0.661312  -0.661312  -0.000000
sin(133.20)   0.728969   0.728969  -0.000000
cos(133.20)  -0.684547  -0.684547  -0.000000
sin(135.00)   0.707107   0.707107  -0.000000
cos(135.00)  -0.707107  -0.707107  -0.000000
sin(136.80)   0.684547   0.684547  -0.000000
cos(136.80)  -0.728969  -0.728969  -0.000000
sin(138.60)   0.661312   0.661312  -0.000000
cos(138.60)  -0.750111  -0.750111  -0.000000
sin(140.40)   0.637424   0.637424  -0.000000
cos(140.40)  -0.770513  -0.770513  -0.000000
sin(142.20)   0.612907   0.612907  -0.000000
cos(142.20)  -0.790155  -0.790155  -0.000000
sin(144.00)   0.587785   0.587785  -0.000000
cos(144.00)  -0.809017  -0.809017  -0.000000
sin(145.80)   0.562083   0.562083  -0.000000
cos(145.80)  -0.827081  -0.827081  -0.000000
sin(147.60)   0.535827   0.535827  -0.000000
cos(147.60)  -0.844328  -0.844328  -0.000000
sin(149.40)   0.509041   0.509041  -0.000000
cos(149.40)  -0.860742  -0.860742  -0.000000
sin(151.20)   0.481754   0.481754  -0.000000
cos(151.20)  -0.876307  -0.876307  -0.000000
sin(153.00)   0.453990   0.453990  -0.000000
cos(153.00)  -0.891007  -0.891007  -0.000000
sin(154.80)   0.425779   0.425779  -0.000000
cos(154.80)  -0.904827  -0.904827  -0.000000
sin(156.60)   0.397148   0.397148  -0.000000
cos(156.60)  -0.917755  -0.917755  -0.000000
sin(158.40)   0.368125   0.368125  -0.000000
cos(158.40)  -0.929776  -0.929776  -0.000000
sin(160.20)   0.338738   0.338738  -0.000000
cos(160.20)  -0.940881  -0.940881  -0.000000
sin(162.00)   0.309017   0.309017  -0.000000
cos(162.00)  -0.951057  -0.951057  -0.000000
sin(163.80)   0.278991   0.278991  -0.000000
cos(163.80)  -0.960294  -0.960294  -0.000000
sin(165.60)   0.248690   0.248690  -0.000000
cos(165.60)  -0.968583  -0.968583  -0.000000
sin(167.40)   0.218143   0.218143  -0.000000
cos(167.40)  -0.975917  -0.975917  -0.000000
sin(169.20)   0.187381   0.187381  -0.000000
cos(169.20)  -0.982287  -0.982287  -0.000000
sin(171.00)   0.156434   0.156434  -0.000000
cos(171.00)  -0.987688  -0.987688  -0.000000
sin(172.80)   0.125333   0.125333  -0.000000
cos(172.80)  -0.992115  -0.992115  -0.000000
sin(174.60)   0.094108   0.094108  -0.000000
cos(174.60)  -0.995562  -0.995562  -0.000000
sin(176.40)   0.062791   0.062791  -0.000000
cos(176.40)  -0.998027  -0.998027  -0.000000
sin(178.20)   0.031411   0.031411  -0.000000
cos(178.20)  -0.999507  -0.999507  -0.000000
sin(180.00)   0.000000  -0.000000   0.000000
cos(180.00)  -1.000000  -1.000000   0.000000
sin(181.80)  -0.031411  -0.031411  -0.000000
cos(181.80)  -0.999507  -0.999507   0.000000
sin(183.60)  -0.062791  -0.062791  -0.000000
cos(183.60)  -0.998027  -0.998027   0.000000
sin(185.40)  -0.094108  -0.094108  -0.000000
cos(185.40)  -0.995562  -0.995562   0.000000
sin(187.20)  -0.125333  -0.125333  -0.000000
cos(187.20)  -0.992115  -0.992115   0.000000
sin(189.00)  -0.156434  -0.156434  -0.000000
cos(189.00)  -0.987688  -0.987688   0.000000
sin(190.80)  -0.187381  -0.187381  -0.000000
cos(190.80)  -0.982287  -0.982287   0.000000
sin(192.60)  -0.218143  -0.218143  -0.000000
cos(192.60)  -0.975917  -0.975917   0.000000
sin(194.40)  -0.248690  -0.248690  -0.000000
cos(194.40)  -0.968583  -0.968583   0.000000
sin(196.20)  -0.278991  -0.278991  -0.000000
cos(196.20)  -0.960294  -0.960294   0.000000
sin(198.00)  -0.309017  -0.309017  -0.000000
cos(198.00)  -0.951057  -0.951057   0.000000
sin(199.80)  -0.338738  -0.338738  -0.000000
cos(199.80)  -0.940881  -0.940881   0.000000
sin(201.60)  -0.368125  -0.368125  -0.000000
cos(201.60)  -0.929776  -0.929776   0.000000
sin(203.40)  -0.397148  -0.397148  -0.000000
cos(203.40)  -0.917755  -0.917755   0.000000
sin(205.20)  -0.425779  -0.425779  -0.000000
cos(205.20)  -0.904827  -0.904827   0.000000
sin(207.00)  -0.453990  -0.453990  -0.000000
cos(207.00)  -0.891007  -0.891007   0.000000
sin(208.80)  -0.481754  -0.481754  -0.000000
cos(208.80)  -0.876307  -0.876307   0.000000
sin(210.60)  -0.509041  -0.509041  -0.000000
cos(210.60)  -0.860742  -0.860742   0.000000
sin(212.40)  -0.535827  -0.535827  -0.000000
cos(212.40)  -0.844328  -0.844328   0.000000
sin(214.20)  -0.562083  -0.562083  -0.000000
cos(214.20)  -0.827081  -0.827081   0.000000
sin(216.00)  -0.587785  -0.587785  -0.000000
cos(216.00)  -0.809017  -0.809017   0.000000
sin(217.80)  -0.612907  -0.612907  -0.000000
cos(217.80)  -0.790155  -0.790155   0.000000
sin(219.60)  -0.637424  -0.637424  -0.000000
cos(219.60)  -0.770513  -0.770513   0.000000
sin(221.40)  -0.661312  -0.661312  -0.000000
cos(221.40)  -0.750111  -0.750111   0.000000
sin(223.20)  -0.684547  -0.684547  -0.000000
cos(223.20)  -0.728969  -0.728969   0.000000
sin(225.00)  -0.707107  -0.707107  -0.000000
cos(225.00)  -0.707107  -0.707107   0.000000
sin(226.80)  -0.728969  -0.728969  -0.000000
cos(226.80)  -0.684547  -0.684547   0.000000
sin(228.60)  -0.750111  -0.750111  -0.000000
cos(228.60)  -0.661312  -0.661312   0.000000
sin(230.40)  -0.770513  -0.770513  -0.000000
cos(230.40)  -0.637424  -0.637424   0.000000
sin(232.20)  -0.790155  -0.790155  -0.000000
cos(232.20)  -0.612907  -0.612907   0.000000
sin(234.00)  -0.809017  -0.809017  -0.000000
cos(234.00)  -0.587785  -0.587785   0.000000
sin(235.80)  -0.827081  -0.827081  -0.000000
cos(235.80)  -0.562083  -0.562083   0.000000
sin(237.60)  -0.844328  -0.844328  -0.000000
cos(237.60)  -0.535827  -0.535827   0.000000
sin(239.40)  -0.860742  -0.860742  -0.000000
cos(239.40)  -0.509041  -0.509041   0.000000
sin(241.20)  -0.876307  -0.876307  -0.000000
cos(241.20)  -0.481754  -0.481754   0.000000
sin(243.00)  -0.891007  -0.891007  -0.000000
cos(243.00)  -0.453990  -0.453990   0.000000
sin(244.80)  -0.904827  -0.904827  -0.000000
cos(244.80)  -0.425779  -0.425779   0.000000
sin(246.60)  -0.917755  -0.917755  -0.000000
cos(246.60)  -0.397148  -0.397148   0.000000
sin(248.40)  -0.929776  -0.929776  -0.000000
cos(248.40)  -0.368125  -0.368125   0.000000
sin(250.20)  -0.940881  -0.940881  -0.000000
cos(250.20)  -0.338738  -0.338738   0.000000
sin(252.00)  -0.951057  -0.951057  -0.000000
cos(252.00)  -0.309017  -0.309017   0.000000
sin(253.80)  -0.960294  -0.960294  -0.000000
cos(253.80)  -0.278991  -0.278991   0.000000
sin(255.60)  -0.968583  -0.968583  -0.000000
cos(255.60)  -0.248690  -0.248690   0.000000
sin(257.40)  -0.975917  -0.975917  -0.000000
cos(257.40)  -0.218143  -0.218143   0.000000
sin(259.20)  -0.982287  -0.982287  -0.000000
cos(259.20)  -0.187381  -0.187381   0.000000
sin(261.00)  -0.987688  -0.987688  -0.000000
cos(261.00)  -0.156434  -0.156434   0.000000
sin(262.80)  -0.992115  -0.992115  -0.000000
cos(262.80)  -0.125333  -0.125333   0.000000
sin(264.60)  -0.995562  -0.995562  -0.000000
cos(264.60)  -0.094108  -0.094108   0.000000
sin(266.40)  -0.998027  -0.998027  -0.000000
cos(266.40)  -0.062791  -0.062791   0.000000
sin(268.20)  -0.999507  -0.999507  -0.000000
cos(268.20)  -0.031411  -0.031411   0.000000
sin(270.00)  -1.000000  -1.000000   0.000000
cos(270.00)   0.000000  -0.000000   0.000000
sin(271.80)  -0.999507  -0.999507   0.000000
cos(271.80)   0.031411   0.031411   0.000000
sin(273.60)  -0.998027  -0.998027   0.000000
cos(273.60)   0.062791   0.062791   0.000000
sin(275.40)  -0.995562  -0.995562   0.000000
cos(275.40)   0.094108   0.094108   0.000000
sin(277.20)  -0.992115  -0.992115   0.000000
cos(277.20)   0.125333   0.125333   0.000000
sin(279.00)  -0.987688  -0.987688   0.000000
cos(279.00)   0.156434   0.156434   0.000000
sin(280.80)  -0.982287  -0.982287   0.000000
cos(280.80)   0.187381   0.187381   0.000000
sin(282.60)  -0.975917  -0.975917   0.000000
cos(282.60)   0.218143   0.218143   0.000000
sin(284.40)  -0.968583  -0.968583   0.000000
cos(284.40)   0.248690   0.248690   0.000000
sin(286.20)  -0.960294  -0.960294   0.000000
cos(286.20)   0.278991   0.278991   0.000000
sin(288.00)  -0.951057  -0.951057   0.000000
cos(288.00)   0.309017   0.309017   0.000000
sin(289.80)  -0.940881  -0.940881   0.000000
cos(289.80)   0.338738   0.338738   0.000000
sin(291.60)  -0.929776  -0.929776   0.000000
cos(291.60)   0.368125   0.368125   0.000000
sin(293.40)  -0.917755  -0.917755   0.000000
cos(293.40)   0.397148   0.397148   0.000000
sin(295.20)  -0.904827  -0.904827   0.000000
cos(295.20)   0.425779   0.425779   0.000000
sin(297.00)  -0.891007  -0.891007   0.000000
cos(297.00)   0.453990   0.453990   0.000000
sin(298.80)  -0.876307  -0.876307   0.000000
cos(298.80)   0.481754   0.481754   0.000000
sin(300.60)  -0.860742  -0.860742   0.000000
cos(300.60)   0.509041   0.509041   0.000000
sin(302.40)  -0.844328  -0.844328   0.000000
cos(302.40)   0.535827   0.535827   0.000000
sin(304.20)  -0.827081  -0.827081   0.000000
cos(304.20)   0.562083   0.562083   0.000000
sin(306.00)  -0.809017  -0.809017   0.000000
cos(306.00)   0.587785   0.587785   0.000000
sin(307.80)  -0.790155  -0.790155   0.000000
cos(307.80)   0.612907   0.612907   0.000000
sin(309.60)  -0.770513  -0.770513   0.000000
cos(309.60)   0.637424   0.637424   0.000000
sin(311.40)  -0.750111  -0.750111   0.000000
cos(311.40)   0.661312   0.661312   0.000000
sin(313.20)  -0.728969  -0.728969   0.000000
cos(313.20)   0.684547   0.684547   0.000000
sin(315.00)  -0.707107  -0.707107   0.000000
cos(315.00)   0.707107   0.707107   0.000000
sin(316.80)  -0.684547  -0.684547   0.000000
cos(316.80)   0.728969   0.728969   0.000000
sin(318.60)  -0.661312  -0.661312   0.000000
cos(318.60)   0.750111   0.750111   0.000000
sin(320.40)  -0.637424  -0.637424   0.000000
cos(320.40)   0.770513   0.770513   0.000000
sin(322.20)  -0.612907  -0.612907   0.000000
cos(322.20)   0.790155   0.790155   0.000000
sin(324.00)  -0.587785  -0.587785   0.000000
cos(324.00)   0.809017   0.809017   0.000000
sin(325.80)  -0.562083  -0.562083   0.000000
cos(325.80)   0.827081   0.827081   0.000000
sin(327.60)  -0.535827  -0.535827   0.000000
cos(327.60)   0.844328   0.844328   0.000000
sin(329.40)  -0.509041  -0.509041   0.000000
cos(329.40)   0.860742   0.860742   0.000000
sin(331.20)  -0.481754  -0.481754   0.000000
cos(331.20)   0.876307   0.876307   0.000000
sin(333.00)  -0.453990  -0.453990   0.000000
cos(333.00)   0.891007   0.891007   0.000000
sin(334.80)  -0.425779  -0.425779   0.000000
cos(334.80)   0.904827   0.904827   0.000000
sin(336.60)  -0.397148  -0.397148   0.000000
cos(336.60)   0.917755   0.917755   0.000000
sin(338.40)  -0.368125  -0.368125   0.000000
cos(338.40)   0.929776   0.929776   0.000000
sin(340.20)  -0.338738  -0.338738   0.000000
cos(340.20)   0.940881   0.940881   0.000000
sin(342.00)  -0.309017  -0.309017   0.000000
cos(342.00)   0.951057   0.951057   0.000000
sin(343.80)  -0.278991  -0.278991   0.000000
cos(343.80)   0.960294   0.960294   0.000000
sin(345.60)  -0.248690  -0.248690   0.000000
cos(345.60)   0.968583   0.968583   0.000000
sin(347.40)  -0.218143  -0.218143   0.000000
cos(347.40)   0.975917   0.975917   0.000000
sin(349.20)  -0.187381  -0.187381   0.000000
cos(349.20)   0.982287   0.982287   0.000000
sin(351.00)  -0.156434  -0.156434   0.000000
cos(351.00)   0.987688   0.987688   0.000000
sin(352.80)  -0.125333  -0.125333   0.000000
cos(352.80)   0.992115   0.992115   0.000000
sin(354.60)  -0.094108  -0.094108   0.000000
cos(354.60)   0.995562   0.995562   0.000000
sin(356.40)  -0.062791  -0.062791   0.000000
cos(356.40)   0.998027   0.998027   0.000000
sin(358.20)  -0.031411  -0.031411   0.000000
cos(358.20)   0.999507   0.999507   0.000000
